smoke
- Delay -
active: false
- Duration - 
lowMin: 3000.0
lowMax: 3000.0
- Count - 
min: 0
max: 80
- Emission - 
lowMin: 0.0
lowMax: 0.0
highMin: 200.0
highMax: 200.0
relative: false
scalingCount: 1
scaling0: 0.1764706
timelineCount: 1
timeline0: 0.0
- Life - 
lowMin: 0.0
lowMax: 0.0
highMin: 1200.0
highMax: 2000.0
relative: false
scalingCount: 3
scaling0: 1.0
scaling1: 1.0
scaling2: 0.8235294
timelineCount: 3
timeline0: 0.0
timeline1: 0.66
timeline2: 1.0
- Life Offset - 
active: false
- X Offset - 
active: true
lowMin: -25.0
lowMax: 24.0
highMin: 0.0
highMax: 0.0
relative: false
scalingCount: 1
scaling0: 1.0
timelineCount: 1
timeline0: 0.0
- Y Offset - 
active: false
- Spawn Shape - 
shape: point
- Spawn Width - 
lowMin: 0.0
lowMax: 0.0
highMin: 0.0
highMax: 0.0
relative: false
scalingCount: 1
scaling0: 1.0
timelineCount: 1
timeline0: 0.0
- Spawn Height - 
lowMin: 0.0
lowMax: 0.0
highMin: 0.0
highMax: 0.0
relative: false
scalingCount: 1
scaling0: 1.0
timelineCount: 1
timeline0: 0.0
- Scale - 
lowMin: 0.0
lowMax: 0.0
highMin: 30.0
highMax: 170.0
relative: false
scalingCount: 4
scaling0: 0.3137255
scaling1: 0.33333334
scaling2: 0.7058824
scaling3: 1.0
timelineCount: 4
timeline0: 0.0
timeline1: 0.19863014
timeline2: 0.65753424
timeline3: 1.0
- Velocity - 
active: true
lowMin: 0.0
lowMax: 0.0
highMin: 30.0
highMax: 300.0
relative: false
scalingCount: 1
scaling0: 0.7058824
timelineCount: 1
timeline0: 0.0
- Angle - 
active: true
lowMin: 90.0
lowMax: 90.0
highMin: 45.0
highMax: 135.0
relative: false
scalingCount: 3
scaling0: 1.0
scaling1: 0.0
scaling2: 0.0
timelineCount: 3
timeline0: 0.0
timeline1: 0.5
timeline2: 1.0
- Rotation - 
active: true
lowMin: 1.0
lowMax: 360.0
highMin: 180.0
highMax: 180.0
relative: true
scalingCount: 2
scaling0: 0.0
scaling1: 0.1764706
timelineCount: 2
timeline0: 0.0
timeline1: 1.0
- Wind - 
active: false
- Gravity - 
active: false
- Tint - 
colorsCount: 21
colors0: 0.8862745
colors1: 0.8862745
colors2: 0.8862745
colors3: 0.8980392
colors4: 0.8980392
colors5: 0.8980392
colors6: 0.75686276
colors7: 0.75686276
colors8: 0.75686276
colors9: 0.6901961
colors10: 0.6901961
colors11: 0.6901961
colors12: 0.627451
colors13: 0.627451
colors14: 0.627451
colors15: 0.32941177
colors16: 0.32941177
colors17: 0.32941177
colors18: 0.16470589
colors19: 0.06666667
colors20: 0.011764706
timelineCount: 7
timeline0: 0.0
timeline1: 0.04475043
timeline2: 0.151463
timeline3: 0.31325302
timeline4: 0.5645439
timeline5: 0.8055077
timeline6: 1.0
- Transparency - 
lowMin: 0.0
lowMax: 0.0
highMin: 1.0
highMax: 1.0
relative: false
scalingCount: 4
scaling0: 0.0
scaling1: 0.7719298
scaling2: 0.7719298
scaling3: 0.0
timelineCount: 4
timeline0: 0.0
timeline1: 0.15753424
timeline2: 0.8082192
timeline3: 1.0
- Options - 
attached: true
continuous: true
aligned: false
additive: false
behind: false
premultipliedAlpha: false
- Image Path -
fire.png
